9
1643
462
128
1816
1510
1271
1546
1352
916
1628
877
1673
767
828
1105
882
1977
593
464
568
1401
1557
1381
244
37
1225
1493
1877
248
1746
799
755
261
948
1583
785
1740
1543
796
524
1971
1913
192
1709
1590
1738
1324
1104
325
724
1793
1084
1631
1689
1930
1109
1285
1328
1109
1070
1640
1170
19
1000
846
1877
556
773
1595
1464
285
1358
1638
601
1994
238
1303
460
519
1258
900
1466
1387
1924
87
869
431
307
1417
711
1463
1286
1918
1924
1060
1828
680
938
1521
1563
1816
1679
831
1794
1711
1672
693
1914
49
148
824
435
1915
391
124
318
1969
1596
1240
762
1624
943
334
1751
1601
781
26
359
638
1152
1731
1635
314
1409
1408
1821
789
141
965
1988
584
1801
139
1314
1364
950
498
353
406
937
518
1095
97
1779
1657
755
415
174
683
1041
1570
266
1974
484
1162
707
1070
12
1369
1826
1629
1190
674
1808
1135
1265
760
220
1288
305
999
1318
179
1700
881
719
93
1350
1655
77
1062
829
1265
1728
1150
1754
542
202
216
1935
837
969
527
1144
1816
73
1864
1438
824
1828
702
69
684
1971
1479
1796
151
336
1754
1835
913
734
420
1231
568
988
866
1181
192
1932
1374
1381
1475
67
828
1090
1853
1917
1153
1474
1327
9
163
407
482
1139
306
510
1799
1373
1424
1009
362
1625
65
922
135
770
894
288
447
315
977
1427
1566
960
1087
612
539
1811
732
1202
724
1225
317
1465
1556
434
496
1134
344
1166
668
240
1670
587
880
1440
494
1360
340
1041
1005
162
1298
201
577
1902
1787
1228
342
200
1239
850
718
154
1545
393
1788
980
1804
1237
1324
1249
403
1043
39
463
265
798
1938
1148
1457
930
104
1463
593
1566
989
670
243
646
821
1784
1746
545
647
278
1568
1772
350
1508
1549
236
1921
1624
635
1474
71
459
1698
1176
1843
1539
1906
1152
37
805
1430
1142
1846
1253
1863
1384
1204
1231
801
1881
914
350
329
1557
1744
1072
1807
303
1253
522
828
1700
645
1082
263
822
522
990
753
956
109
46
746
1182
1199
1668
1280
378
1926
296
1790
302
1024
468
1252
78
1517
715
727
645
517
326
150
644
1468
207
1553
1680
680
1741
1536
470
1935
708
1796
346
343
85
1743
1304
1650
19
1667
181
1626
697
1449
271
1240
1663
1394
1685
735
1065
539
1921
1871
1977
184
1942
1052
1264
411
1710
404
830
1466
72
1785
99
1252
259
1067
639
498
909
1358
38
1778
1791
1364
1711
1272
1460
1411
632
228
1793
178
1423
1542
483
1813
280
952
255
1384
1006
1413
1715
870
1013
327
763
1350
1626
472
1831
93
1733
812
477
1613
1439
1950
463
1247
1918
1097
801
1661
56
920
1947
1569
1190
535
1117
879
1182
152
1879
1176
1844
475
622
416
796
559
246
174
1510
85
1945
1822
399
1238
1303
686
1664
257
1113
1856
1714
944
159
764
1205
1703
669
540
1967
1151
641
572
1724
1240
744
858
1566
1634
903
1282
268
1920
1013
875
1822
1438
425
803
1081
291
1676
1438
1713
1257
884
78
150
1247
1479
1188
1238
227
1715
1339
106
484
261
502
174
1787
1652
1935
1690
378
502
1992
1796
71
1465
1380
899
699
1529
1181
1676
312
1015
1788
82
1632
2000
299
1311
1627
938
286
986
1664
895
1053
996
298
930
548
734
105
202
673
1719
329
658
566
1593
195
537
384
47
954
1218
365
1356
262
1334
194
1989
977
1351
632
1847
1080
243
1545
179
592
698
312
635
966
998
1674
340
421
297
63
643
821
1263
1174
1344
149
20
1045
1229
1653
1256
814
1829
1205
1775
217
1285
1365
1314
1293
1507
226
1348
1644
766
316
1961
852
1113
1359
1681
22
1075
629
1463
951
657
634
1660
1839
720
1225
1213
19
1757
1225
970
1822
1601
251
1929
643
1110
1058
1824
1199
1004
403
1255
284
16
531
1900
890
903
1400
718
509
1920
399
298
1329
640
1787
1094
976
865
1116
1561
907
1562
1778
1697
1009
744
1670
1086
422
229
644
510
1731
1279
1268
382
1091
413
935
1533
1695
1018
1903
81
264
1242
705
650
1606
674
1420
326
1840
871
887
781
13
399
1696
1416
409
1288
883
1203
944
1109
460
435
423
327
198
526
1557
1700
573
1558
632
362
801
294
657
934
940
1336
1845
960
945
1801
1705
391
1205
585
15
1260
631
1531
1970
1022
1601
691
407
668
1069
955
922
1735
1530
435
1106
1110
245
1865
485
938
1134
1020
434
392
1333
585
794
147
1594
935
809
895
1191
138
923
681
78
1012
1017
488
1040
236
5
648
1294
1313
819
639
1742
245
253
616
1588
930
398
1886
1939
1273
507
1044
1033
1823
1571
1387
1843
345
118
1563
531
476
417
850
1627
1175
1317
1744
1560
150
479
74
525
310
424
1900
1037
607
1284
321
1200
1858
16
1400
1986
1939
1839
35
1486
1224
480
1284
235
898
1871
175
1098
832
444
1335
408
1689
968
1757
155
1605
1561
1965
5
318
80
924
1329
876
1192
719
801
810
1963
1924
1983
839
1356
793
943
703
649
769
1124
1312
1599
1429
1484
757
78
1998
1710
1131
1667
1210
1676
1001
1924
1169
832
1753
952
131
1916
1912
1593
1431
1636
1606
802
1659
1435
1058
1216
1947
1481
1175
823
350
372
1323
1580
641
391
1812
1904
963
981