2000
1998
1994
1992
1989
1988
1986
1983
1977
1977
1974
1971
1971
1970
1969
1967
1965
1963
1961
1950
1947
1947
1945
1942
1939
1939
1938
1935
1935
1935
1932
1930
1929
1926
1924
1924
1924
1924
1921
1921
1920
1920
1918
1918
1917
1916
1915
1914
1913
1912
1906
1904
1903
1902
1900
1900
1886
1881
1879
1877
1877
1871
1871
1865
1864
1863
1858
1856
1853
1847
1846
1845
1844
1843
1843
1840
1839
1839
1835
1831
1829
1828
1828
1826
1824
1823
1822
1822
1822
1821
1816
1816
1816
1813
1812
1811
1808
1807
1804
1801
1801
1799
1796
1796
1796
1794
1793
1793
1791
1790
1788
1788
1787
1787
1787
1785
1784
1779
1778
1778
1775
1772
1757
1757
1754
1754
1753
1751
1746
1746
1744
1744
1743
1742
1741
1740
1738
1735
1733
1731
1731
1728
1724
1719
1715
1715
1714
1713
1711
1711
1710
1710
1709
1705
1703
1700
1700
1700
1698
1697
1696
1695
1690
1689
1689
1685
1681
1680
1679
1676
1676
1676
1674
1673
1672
1670
1670
1668
1667
1667
1664
1664
1663
1661
1660
1659
1657
1655
1653
1652
1650
1644
1643
1640
1638
1636
1635
1634
1632
1631
1629
1628
1627
1627
1626
1626
1625
1624
1624
1613
1606
1606
1605
1601
1601
1601
1599
1596
1595
1594
1593
1593
1590
1588
1583
1580
1571
1570
1569
1568
1566
1566
1566
1563
1563
1562
1561
1561
1560
1558
1557
1557
1557
1556
1553
1549
1546
1545
1545
1543
1542
1539
1536
1533
1531
1530
1529
1521
1517
1510
1510
1508
1507
1493
1486
1484
1481
1479
1479
1475
1474
1474
1468
1466
1466
1465
1465
1464
1463
1463
1463
1460
1457
1449
1440
1439
1438
1438
1438
1435
1431
1430
1429
1427
1424
1423
1420
1417
1416
1413
1411
1409
1408
1401
1400
1400
1394
1387
1387
1384
1384
1381
1381
1380
1374
1373
1369
1365
1364
1364
1360
1359
1358
1358
1356
1356
1352
1351
1350
1350
1348
1344
1339
1336
1335
1334
1333
1329
1329
1328
1327
1324
1324
1323
1318
1317
1314
1314
1313
1312
1311
1304
1303
1303
1298
1294
1293
1288
1288
1286
1285
1285
1284
1284
1282
1280
1279
1273
1272
1271
1268
1265
1265
1264
1263
1260
1258
1257
1256
1255
1253
1253
1252
1252
1249
1247
1247
1242
1240
1240
1240
1239
1238
1238
1237
1231
1231
1229
1228
1225
1225
1225
1225
1224
1218
1216
1213
1210
1205
1205
1205
1204
1203
1202
1200
1199
1199
1192
1191
1190
1190
1188
1182
1182
1181
1181
1176
1176
1175
1175
1174
1170
1169
1166
1162
1153
1152
1152
1151
1150
1148
1144
1142
1139
1135
1134
1134
1131
1124
1117
1116
1113
1113
1110
1110
1109
1109
1109
1106
1105
1104
1098
1097
1095
1094
1091
1090
1087
1086
1084
1082
1081
1080
1075
1072
1070
1070
1069
1067
1065
1062
1060
1058
1058
1053
1052
1045
1044
1043
1041
1041
1040
1037
1033
1024
1022
1020
1018
1017
1015
1013
1013
1012
1009
1009
1006
1005
1004
1001
1000
999
998
996
990
989
988
986
981
980
977
977
976
970
969
968
966
965
963
960
960
956
955
954
952
952
951
950
948
945
944
944
943
943
940
938
938
938
937
935
935
934
930
930
930
924
923
922
922
920
916
914
913
909
907
903
903
900
899
898
895
895
894
890
887
884
883
882
881
880
879
877
876
875
871
870
869
866
865
858
852
850
850
846
839
837
832
832
831
830
829
828
828
828
824
824
823
822
821
821
819
814
812
810
809
805
803
802
801
801
801
801
799
798
796
796
794
793
789
785
781
781
773
770
769
767
766
764
763
762
760
757
755
755
753
746
744
744
735
734
734
732
727
724
724
720
719
719
718
718
715
711
708
707
705
703
702
699
698
697
693
691
686
684
683
681
680
680
674
674
673
670
669
668
668
658
657
657
650
649
648
647
646
645
645
644
644
643
643
641
641
640
639
639
638
635
635
634
632
632
632
631
629
622
616
612
607
601
593
593
592
587
585
585
584
577
573
572
568
568
566
559
556
548
545
542
540
539
539
537
535
531
531
527
526
525
524
522
522
519
518
517
510
510
509
507
502
502
498
498
496
494
488
485
484
484
483
482
480
479
477
476
475
472
470
468
464
463
463
462
460
460
459
447
444
435
435
435
434
434
431
425
424
423
422
421
420
417
416
415
413
411
409
408
407
407
406
404
403
403
399
399
399
398
393
392
391
391
391
384
382
378
378
372
365
362
362
359
353
350
350
350
346
345
344
343
342
340
340
336
334
329
329
327
327
326
326
325
321
318
318
317
316
315
314
312
312
310
307
306
305
303
302
299
298
298
297
296
294
291
288
286
285
284
280
278
271
268
266
265
264
263
262
261
261
259
257
255
253
251
248
246
245
245
244
243
243
240
238
236
236
235
229
228
227
226
220
217
216
207
202
202
201
200
198
195
194
192
192
184
181
179
179
178
175
174
174
174
163
162
159
155
154
152
151
150
150
150
149
148
147
141
139
138
135
131
128
124
118
109
106
105
104
99
97
93
93
87
85
85
82
81
80
78
78
78
78
77
74
73
72
71
71
69
67
65
63
56
49
47
46
39
38
37
37
35
26
22
20
19
19
19
16
16
15
13
12
9
9
5
5
