5
9
12
13
15
16
19
20
22
26
35
37
38
39
46
47
49
56
63
65
67
69
71
72
73
74
77
78
80
81
82
85
87
93
97
99
104
105
106
109
118
124
128
131
135
138
139
141
147
148
149
150
151
152
154
155
159
162
163
174
175
178
179
181
184
192
194
195
198
200
201
202
207
216
217
220
226
227
228
229
235
236
238
240
243
244
245
246
248
251
253
255
257
259
261
262
263
264
265
266
268
271
278
280
284
285
286
288
291
294
296
297
298
299
302
303
305
306
307
310
312
314
315
316
317
318
321
325
326
327
329
334
336
340
342
343
344
345
346
350
353
359
362
365
372
378
382
384
391
392
393
398
399
403
404
406
407
408
409
411
413
415
416
417
420
421
422
423
424
425
431
434
435
444
447
459
460
462
463
464
468
470
472
475
476
477
479
480
482
483
484
485
488
494
496
498
502
507
509
510
517
518
519
522
524
525
526
527
531
535
537
539
540
542
545
548
556
559
566
568
572
573
577
584
585
587
592
593
601
607
612
616
622
629
631
632
634
635
638
639
640
641
643
644
645
646
647
648
649
650
657
658
668
669
670
673
674
680
681
683
684
686
691
693
697
698
699
702
703
705
707
708
711
715
718
719
720
724
727
732
734
735
744
746
753
755
757
760
762
763
764
766
767
769
770
773
781
785
789
793
794
796
798
799
801
802
803
805
809
810
812
814
819
821
822
823
824
828
829
830
831
832
837
839
846
850
852
858
865
866
869
870
871
875
876
877
879
880
881
882
883
884
887
890
894
895
898
899
900
903
907
909
913
914
916
920
922
923
924
930
934
935
937
938
940
943
944
945
948
950
951
952
954
955
956
960
963
965
966
968
969
970
976
977
980
981
986
988
989
990
996
998
999
1000
1001
1004
1005
1006
1009
1012
1013
1015
1017
1018
1020
1022
1024
1033
1037
1040
1041
1043
1044
1045
1052
1053
1058
1060
1062
1065
1067
1069
1070
1072
1075
1080
1081
1082
1084
1086
1087
1090
1091
1094
1095
1097
1098
1104
1105
1106
1109
1110
1113
1116
1117
1124
1131
1134
1135
1139
1142
1144
1148
1150
1151
1152
1153
1162
1166
1169
1170
1174
1175
1176
1181
1182
1188
1190
1191
1192
1199
1200
1202
1203
1204
1205
1210
1213
1216
1218
1224
1225
1228
1229
1231
1237
1238
1239
1240
1242
1247
1249
1252
1253
1255
1256
1257
1258
1260
1263
1264
1265
1268
1271
1272
1273
1279
1280
1282
1284
1285
1286
1288
1293
1294
1298
1303
1304
1311
1312
1313
1314
1317
1318
1323
1324
1327
1328
1329
1333
1334
1335
1336
1339
1344
1348
1350
1351
1352
1356
1358
1359
1360
1364
1365
1369
1373
1374
1380
1381
1384
1387
1394
1400
1401
1408
1409
1411
1413
1416
1417
1420
1423
1424
1427
1429
1430
1431
1435
1438
1439
1440
1449
1457
1460
1463
1464
1465
1466
1468
1474
1475
1479
1481
1484
1486
1493
1507
1508
1510
1517
1521
1529
1530
1531
1533
1536
1539
1542
1543
1545
1546
1549
1553
1556
1557
1558
1560
1561
1562
1563
1566
1568
1569
1570
1571
1580
1583
1588
1590
1593
1594
1595
1596
1599
1601
1605
1606
1613
1624
1625
1626
1627
1628
1629
1631
1632
1634
1635
1636
1638
1640
1643
1644
1650
1652
1653
1655
1657
1659
1660
1661
1663
1664
1667
1668
1670
1672
1673
1674
1676
1679
1680
1681
1685
1689
1690
1695
1696
1697
1698
1700
1703
1705
1709
1710
1711
1713
1714
1715
1719
1724
1728
1731
1733
1735
1738
1740
1741
1742
1743
1744
1746
1751
1753
1754
1757
1772
1775
1778
1779
1784
1785
1787
1788
1790
1791
1793
1794
1796
1799
1801
1804
1807
1808
1811
1812
1813
1816
1821
1822
1823
1824
1826
1828
1829
1831
1835
1839
1840
1843
1844
1845
1846
1847
1853
1856
1858
1863
1864
1865
1871
1877
1879
1881
1886
1900
1902
1903
1904
1906
1912
1913
1914
1915
1916
1917
1918
1920
1921
1924
1926
1929
1930
1932
1935
1938
1939
1942
1945
1947
1950
1961
1963
1965
1967
1969
1970
1971
1974
1977
1983
1986
1988
1989
1992
1994
1998
2000
